err_6 = -0.11346127339699999
err_5 = -0.0011326458827956695
err_4 = -0.00139622186704
err_3 = -0.00446113365881

w_56 = 0.37298917134759924
w_46 = 0.679690432062
w_36 = -0.629515369805

err_2 = 0.0105998493158
err_1 = 0.0
w_25 = 0.477347082344
w_24 = -3.02792443734
w_23 = 1.91077732682
w_15 = 3.98867354117
w_14 = 1.98603778133
w_13 = -3.04461133659
